hidden layer is m=5
maxiter=40
learning rate=0.00001

the weight matrix for hidden layer is: 
[[ 2.26393898e-04 -8.99049368e-02  9.15168954e-03 -6.71175196e-02
   1.80268406e-01]
 [ 1.11538607e-01  2.79996351e-02  5.31971038e-02  3.89406554e-02
   2.00747772e-02]
 [-4.88427165e-03  1.50561988e-01 -2.61227780e-03  7.36782862e-02
   4.11293044e-02]
 [ 1.27933100e-03 -6.68016431e-03  2.46655911e-03 -3.04288954e-02
   1.17928015e-02]
 [-2.85245548e-03  2.16445196e-02 -9.96628087e-03  5.88585610e-02
   2.18765103e-02]
 [ 8.26413653e-03 -2.00066731e-04 -4.20457361e-03  1.52487915e-02
   1.52511504e-03]
 [ 6.24007308e-03  2.42170033e-01  6.45826304e-03  1.48050308e-01
  -1.52954472e-01]
 [ 2.07069810e-04  1.29035804e-01 -3.80670814e-03  4.38111972e-03
   1.63872606e-02]
 [ 9.34625969e-04 -1.16929490e-01 -2.80714686e-03 -1.35290468e-01
   1.56946352e-01]]

the bias vector for hidden layer is: 
[[ 0.00449593]
 [ 0.0053082 ]
 [ 0.00748773]
 [ 0.0143332 ]
 [-0.00697985]]

the weight matrix for output layer is: 
[[-0.07297329  0.01450745 -0.01597383 -0.04902875  0.04390096  0.05674861
  -0.00560492]
 [ 0.20573133 -0.04678729  0.07556038  0.12737526 -0.18106352 -0.07829815
  -0.11822838]
 [-0.03610991  0.01395614 -0.01702128 -0.02575981  0.01636717  0.02041769
  -0.00922011]
 [ 0.21329699 -0.03578282 -0.0131792  -0.03832262 -0.06030058 -0.03046246
  -0.03988253]
 [-0.20150093  0.05031352 -0.00862531  0.04618165  0.18127311 -0.0382282
  -0.03055994]]

the bias vector for output layer is: 
[[ 0.05179725]
 [-0.01155308]
 [-0.00082891]
 [ 0.0055471 ]
 [-0.01000591]
 [-0.00467289]
 [-0.00276265]]

accuracy_train: 0.8887657877243519

accuracy_test: 0.9260689655172414

